0 44 0 30 19 37 0 0 0 0 10 14 55 54 0 0 32 0 31 0 0 0 0 58 27 24 26 52 0 57 0 48 0 8 47 0 15 18 7 33 6 0 51 45 0 0 16 64 0 12 20 0 0 1 22 0 0 13 49 0 5 0 0 61
0 61 58 5 51 0 32 11 0 16 0 0 25 0 6 0 50 0 52 0 62 40 57 54 47 8 22 0 0 0 60 34 44 0 38 3 0 0 39 0 9 23 53 37 14 29 0 35 0 0 55 59 0 19 4 13 0 0 10 27 0 2 17 0
0 49 55 21 0 23 0 60 0 62 41 0 33 0 0 35 9 0 64 0 56 0 0 0 0 0 0 0 32 42 4 0 51 36 48 25 24 0 0 0 0 0 34 52 0 3 0 18 0 0 0 0 53 0 0 38 11 22 39 40 37 0 0 30
0 8 0 56 39 0 45 38 47 0 20 0 53 27 0 58 60 63 0 0 24 0 10 0 0 14 36 0 54 0 46 23 0 0 0 0 61 0 28 0 0 2 1 0 33 0 21 0 31 0 44 7 0 0 0 50 0 0 35 48 64 0 55 18
10 0 54 25 0 50 12 0 24 0 0 56 1 0 59 0 37 0 42 0 3 0 6 29 0 11 49 0 17 9 0 20 0 0 5 57 0 22 23 0 58 38 0 36 7 0 46 27 32 48 0 0 21 33 0 0 51 34 0 0 8 53 0 62
9 17 0 6 41 59 7 62 0 0 44 0 52 21 8 0 0 36 0 16 11 0 45 0 0 0 63 37 0 25 12 53 4 0 0 30 0 0 26 1 0 50 5 0 0 42 0 0 0 0 27 2 0 0 23 0 24 60 29 0 32 0 47 0
31 0 63 0 43 0 52 0 57 0 0 32 0 5 0 0 41 12 0 4 48 59 0 0 0 7 64 0 0 15 16 0 62 40 11 0 0 46 0 0 55 8 0 17 54 10 0 22 18 0 0 0 60 61 0 51 0 33 0 0 26 19 3 45
27 35 3 1 0 0 0 15 0 4 0 51 0 0 38 0 0 25 21 0 55 0 0 17 19 0 59 0 0 45 10 0 14 54 42 50 60 20 63 0 0 0 0 0 43 57 0 13 8 0 41 9 0 47 56 39 6 0 0 46 36 16 23 58
25 0 0 4 32 35 0 0 34 9 12 0 16 7 47 0 0 40 30 42 0 8 33 21 0 45 0 49 0 60 59 5 27 20 52 0 63 0 0 0 41 31 38 13 0 14 39 0 0 0 11 57 0 58 10 3 53 0 0 6 46 0 0 0
0 56 0 0 7 64 11 0 38 36 45 0 37 6 0 0 58 60 62 57 0 48 18 0 0 0 0 26 43 52 42 24 19 46 0 0 51 0 0 0 0 10 0 0 3 54 9 20 59 31 0 34 2 0 47 22 39 0 50 44 4 28 0 5
0 43 0 31 12 21 0 0 15 50 0 63 0 35 14 0 20 53 0 38 0 0 0 39 0 62 33 25 3 46 0 4 1 0 36 10 0 54 40 6 34 64 0 61 0 0 30 0 48 0 9 0 5 27 0 29 49 0 42 18 2 0 0 0
0 0 0 0 0 0 58 0 56 0 0 40 18 24 1 32 0 0 0 64 5 15 41 63 30 61 17 6 55 14 0 0 8 0 43 0 0 0 25 0 0 37 12 0 47 0 2 53 46 0 50 49 0 16 0 52 0 27 0 21 48 35 0 36
61 48 0 26 53 57 0 0 51 52 11 0 39 42 5 43 7 27 24 0 0 0 3 0 0 41 0 8 16 0 38 12 0 0 2 0 50 13 59 28 49 0 60 0 0 0 19 4 56 30 36 0 20 54 55 0 0 0 23 0 22 0 29 63
3 0 28 0 0 13 62 44 0 19 0 0 46 29 0 0 12 0 45 26 0 52 34 1 9 23 37 18 0 50 0 63 0 0 53 31 0 0 56 0 43 51 25 0 0 17 6 0 0 0 35 42 15 0 60 7 55 10 0 16 57 0 20 38
0 1 0 54 47 19 16 0 31 0 22 0 26 0 48 49 0 46 29 0 23 35 51 0 36 58 0 2 15 64 20 56 55 57 62 0 0 0 11 0 27 24 0 8 0 0 0 0 13 39 0 25 63 0 0 17 37 0 0 30 33 0 7 0
0 33 0 0 0 0 14 46 60 20 13 44 0 59 0 28 6 17 25 0 10 0 50 43 0 0 0 0 0 19 0 0 45 9 29 0 5 42 4 0 11 58 16 21 0 0 0 26 12 61 62 0 1 64 38 37 0 41 24 0 51 0 0 47
0 30 0 0 63 0 0 51 0 0 0 0 0 0 0 0 0 0 0 0 29 0 26 57 2 0 0 0 37 27 0 47 36 0 28 6 0 4 0 0 0 59 0 0 50 38 0 24 42 7 14 0 3 0 0 33 44 0 0 0 9 60 0 17
0 14 0 24 59 0 29 0 10 0 0 7 0 0 15 63 34 62 20 32 0 0 22 0 0 0 0 60 0 48 33 0 17 43 50 0 2 0 30 31 0 4 0 12 8 0 40 0 0 41 0 0 57 0 0 44 0 0 0 52 13 0 61 27
0 0 15 38 0 0 21 0 0 0 0 47 0 0 0 0 3 54 63 24 4 0 0 0 0 0 0 39 26 31 6 41 0 0 10 0 0 19 44 0 0 0 0 35 0 56 0 0 0 0 0 0 50 46 12 0 0 62 0 0 49 57 22 0
47 32 2 3 0 0 0 49 0 0 0 11 36 44 0 60 10 13 46 48 12 0 37 59 29 0 20 1 0 23 55 18 0 0 15 42 8 58 33 0 0 41 28 57 0 16 0 0 0 52 21 0 9 0 25 63 26 0 0 0 0 54 0 0
55 12 0 45 10 33 57 0 0 37 56 0 61 41 0 4 0 0 0 23 0 39 44 31 0 0 15 0 0 17 51 49 0 0 22 11 0 0 0 0 0 6 52 0 0 60 64 1 0 0 0 0 27 8 2 58 14 0 0 25 0 32 46 48
0 0 62 0 0 43 0 13 0 0 0 50 21 0 51 12 0 0 8 0 61 0 0 16 0 32 0 0 0 28 7 0 0 41 0 29 0 3 24 14 17 0 0 23 0 0 45 0 0 36 0 0 49 0 26 30 0 35 18 0 20 64 39 0
1 36 37 52 27 28 0 0 29 0 59 0 38 64 16 0 0 55 56 47 33 42 0 0 50 0 53 0 0 0 0 8 0 0 54 0 0 49 34 60 0 63 11 0 0 13 0 10 6 35 0 0 24 0 32 23 5 0 0 0 7 12 0 0
0 0 16 61 26 54 64 6 35 53 0 0 0 0 58 8 0 0 50 0 0 0 0 45 0 0 0 0 0 0 0 25 0 0 0 52 0 0 0 21 0 0 0 0 48 0 0 9 0 38 0 0 37 0 0 0 28 42 0 0 0 40 0 2
62 19 32 48 0 22 0 4 0 0 21 0 9 0 25 0 11 34 36 52 0 0 0 40 5 0 0 55 38 0 0 54 7 26 0 0 53 29 31 43 13 12 0 0 0 39 0 17 0 0 0 3 41 28 0 14 23 6 0 42 0 58 30 0
0 2 21 14 0 26 0 56 0 35 18 41 0 63 50 0 0 0 6 46 0 13 0 0 3 0 0 31 62 59 27 15 57 5 32 51 16 0 38 0 0 43 0 28 19 0 37 0 0 0 0 23 0 0 0 0 40 0 60 4 17 0 11 0
5 0 36 47 18 0 0 41 49 61 0 27 0 0 37 0 0 0 33 62 63 64 0 0 0 6 0 30 45 58 0 0 22 59 0 0 0 0 0 0 4 0 0 11 0 8 29 0 7 43 46 0 51 0 0 15 0 20 0 0 38 21 2 28
43 29 24 0 57 0 13 31 0 10 26 2 44 40 52 0 25 0 0 0 0 0 0 53 64 0 0 46 60 11 61 39 0 63 0 34 4 35 54 0 7 20 32 51 27 6 18 0 0 0 0 0 19 45 0 1 3 8 56 0 0 0 0 0
0 60 44 0 0 42 0 40 53 30 38 39 56 36 0 5 0 0 48 0 58 14 15 51 0 0 4 0 22 7 57 37 0 21 23 62 0 17 52 20 63 0 0 0 35 64 0 0 2 0 0 0 16 0 0 0 33 0 59 50 0 29 0 19
39 0 23 0 45 58 0 16 0 0 0 4 28 14 0 17 57 0 55 7 20 1 0 18 35 0 34 0 42 56 9 0 49 64 40 0 19 12 0 0 2 0 22 47 0 30 0 46 50 0 0 0 10 29 6 0 0 37 5 0 0 51 53 13
0 27 0 37 46 12 0 0 59 23 6 64 0 51 55 1 49 0 41 10 21 0 0 50 0 36 2 16 29 0 0 19 0 0 61 58 13 0 47 48 42 57 0 0 0 40 0 0 22 0 30 26 32 44 63 0 54 31 25 39 45 24 0 0
0 59 0 7 20 9 49 0 0 15 54 0 0 0 0 19 0 0 35 0 0 23 0 3 18 0 0 0 24 0 14 0 0 0 0 0 37 11 10 27 52 26 0 60 0 33 0 0 0 0 17 4 31 34 40 5 0 63 48 41 0 1 0 57
0 0 0 49 24 0 0 0 0 0 0 0 8 16 0 27 0 0 0 0 0 9 38 13 6 44 61 59 39 34 5 2 0 0 21 43 54 0 0 0 0 0 0 0 23 52 11 0 45 51 0 50 30 0 0 48 0 47 17 15 0 4 0 40
0 63 47 33 62 11 55 22 42 0 0 54 31 45 35 50 52 59 0 0 44 0 61 46 0 29 38 0 0 24 30 16 37 0 0 0 12 51 0 0 0 19 7 39 0 0 14 0 0 17 0 40 0 20 3 0 36 18 0 49 56 43 0 32
8 40 0 36 0 0 37 17 55 21 63 46 0 22 0 0 31 39 0 15 0 32 64 0 14 51 0 41 0 0 0 10 29 3 57 0 11 26 19 0 0 49 27 42 18 0 58 48 1 4 52 0 0 23 16 47 0 0 0 33 30 0 0 0
19 0 0 0 61 15 0 59 3 13 0 0 12 0 39 56 0 2 0 0 36 26 27 14 11 52 0 0 46 22 8 28 6 4 1 9 0 33 16 0 0 62 0 0 0 34 0 57 55 10 0 0 0 0 37 43 0 0 45 0 35 0 0 31
41 50 0 0 0 0 20 0 0 0 57 6 47 0 4 51 0 0 1 63 43 45 0 55 0 0 0 42 25 0 54 0 15 0 0 60 44 0 17 0 0 33 30 0 0 24 0 37 0 27 34 0 38 0 0 0 2 0 0 0 0 0 0 29
58 0 0 27 31 0 39 48 40 49 0 5 0 53 23 24 0 50 0 0 0 28 8 56 0 43 3 45 0 0 19 0 0 38 0 0 46 2 0 36 29 44 17 4 0 0 25 0 0 0 64 61 0 0 14 42 62 54 0 13 0 9 21 7
18 16 25 0 28 2 0 0 0 0 32 0 58 0 0 30 0 0 17 60 0 0 48 35 20 4 0 0 9 0 56 62 42 53 27 22 0 0 50 10 45 0 0 0 46 55 0 3 39 44 0 41 12 13 31 21 61 0 0 37 34 38 64 0
56 0 0 57 0 0 46 30 0 43 0 1 11 0 44 26 0 37 0 12 54 0 24 33 21 0 0 27 0 53 31 35 63 0 34 5 47 40 45 0 60 36 9 20 0 0 51 0 0 15 0 6 29 18 19 62 52 48 3 0 0 23 58 14
13 54 0 41 0 25 40 0 0 38 24 0 20 17 0 47 0 26 3 30 0 0 7 10 0 0 0 0 56 29 34 59 0 52 0 0 55 43 0 9 0 0 0 32 64 0 57 63 36 0 39 58 18 0 45 46 31 0 61 19 0 0 48 0
50 37 26 0 0 0 0 43 0 46 29 34 41 0 0 45 0 38 32 27 31 22 56 0 52 0 0 0 0 21 2 0 0 0 0 49 30 0 5 7 44 42 0 0 0 61 0 60 23 13 0 47 59 4 33 6 8 0 0 62 0 36 0 20
0 38 0 63 0 0 0 19 11 51 30 60 0 0 36 0 0 45 0 49 0 21 53 0 8 46 0 0 48 5 0 0 0 0 24 0 29 28 20 0 0 0 0 0 0 0 13 50 0 0 0 55 42 0 62 0 56 0 34 0 59 0 0 1
42 57 48 55 9 0 0 0 0 0 8 0 0 0 33 59 19 1 16 14 25 0 0 47 0 0 35 0 0 0 0 51 18 15 46 27 0 0 0 3 0 0 0 0 0 0 0 0 64 0 22 29 0 17 30 0 45 28 0 0 54 0 0 0
46 11 0 0 0 44 34 20 58 0 0 0 4 23 27 0 48 0 51 0 42 0 59 6 1 0 60 0 0 16 0 0 13 39 56 0 0 36 53 0 0 9 0 0 22 0 0 38 0 25 40 21 0 32 7 8 50 0 0 14 24 47 0 3
64 5 29 0 33 32 31 2 0 0 0 53 0 12 22 0 36 0 44 0 57 0 0 0 0 40 0 0 13 0 0 0 0 11 35 21 62 0 0 0 0 0 15 0 0 0 17 0 37 34 0 20 0 0 0 0 38 0 6 55 60 7 0 4
0 0 17 8 0 39 60 3 62 0 42 48 0 0 7 0 54 64 4 18 2 63 0 0 0 37 0 19 10 30 49 36 40 31 0 0 0 14 57 0 0 55 0 0 51 46 0 45 9 0 0 16 0 0 44 0 0 0 15 0 0 0 32 0
45 0 7 22 6 0 0 28 19 0 0 61 63 2 0 13 0 43 34 0 0 0 0 0 0 0 0 0 0 0 0 38 25 1 51 16 26 0 64 0 0 21 0 0 0 20 33 0 35 0 0 0 0 3 15 0 0 52 0 0 53 41 5 11
0 53 10 42 0 0 36 58 0 0 51 0 43 15 0 0 59 49 37 2 39 0 20 0 0 0 0 0 0 18 41 14 11 0 55 0 64 27 0 0 31 28 62 38 57 0 0 0 24 0 4 0 0 35 61 32 16 0 0 26 0 5 0 6
0 21 31 0 0 0 0 47 22 0 0 0 0 0 0 0 0 4 0 0 13 0 14 0 15 54 44 10 0 0 52 61 0 12 59 48 49 0 0 0 26 25 43 0 24 0 0 5 38 23 0 0 0 0 0 57 0 3 0 20 0 42 63 33
0 0 0 0 2 55 0 57 0 44 0 16 0 0 60 6 0 52 9 36 15 0 0 0 51 30 23 64 0 3 62 0 10 47 0 19 0 21 14 13 0 54 0 58 0 7 0 0 20 28 56 0 48 0 29 45 41 0 1 24 0 18 37 53
0 13 51 39 44 20 56 0 0 25 0 0 2 26 0 11 1 42 0 21 0 0 17 0 48 22 24 50 0 6 0 9 58 0 16 37 28 63 46 62 0 0 0 14 0 41 49 61 10 53 33 0 0 30 0 18 0 0 0 12 0 0 34 0
48 0 38 0 0 46 0 52 0 54 19 0 5 33 0 0 0 0 11 0 35 51 0 60 31 0 0 28 7 40 37 0 0 0 18 0 0 15 0 56 0 0 13 0 0 0 27 0 47 63 42 12 25 2 8 16 59 43 22 61 0 0 0 55
0 0 34 0 50 29 0 0 0 0 23 21 0 0 0 0 18 5 61 0 0 0 19 7 0 0 0 0 20 63 0 57 54 45 44 8 25 53 35 0 64 39 3 16 0 0 32 40 51 0 58 0 14 0 0 0 10 0 0 11 31 27 28 49
0 24 0 9 35 7 15 0 0 0 0 0 59 13 63 0 23 0 38 56 8 0 25 44 12 21 27 17 58 39 26 42 0 50 6 4 43 0 0 0 0 0 18 34 53 45 55 33 0 22 0 37 0 5 46 49 0 0 47 32 0 62 0 0
12 0 41 43 22 40 26 0 39 0 0 10 14 28 0 62 24 0 0 33 27 0 63 0 0 0 56 34 53 0 32 0 23 0 17 0 52 7 3 0 8 46 2 0 0 48 0 59 0 0 0 15 13 0 54 55 9 50 44 0 21 0 51 64
23 47 42 16 55 34 43 39 0 0 3 9 60 31 0 0 64 0 0 0 14 0 0 4 32 53 30 51 0 0 0 0 61 0 25 0 0 57 0 46 0 1 20 0 2 28 0 0 44 5 0 0 36 41 0 0 21 49 62 38 40 37 45 22
0 0 0 58 0 38 50 37 0 7 48 19 0 0 61 29 53 0 47 0 41 31 9 0 13 55 0 0 34 12 17 0 16 10 0 15 0 52 42 0 0 0 0 33 62 0 0 0 63 6 51 32 56 21 59 26 0 0 11 0 39 0 35 43
0 10 0 44 0 0 0 45 0 0 0 0 0 0 17 55 0 0 22 11 0 20 36 32 49 42 46 0 0 37 3 0 0 24 30 14 0 0 48 0 0 0 0 0 15 12 0 52 27 62 0 60 58 43 0 64 47 0 63 0 41 0 0 51
7 51 20 46 64 31 0 0 32 0 0 38 6 0 41 23 0 0 0 0 0 0 0 0 28 0 16 0 33 26 29 0 35 62 0 0 0 39 0 53 0 0 0 49 0 0 34 30 0 0 13 0 45 0 0 0 58 0 0 0 55 59 1 24
30 0 0 19 29 4 3 24 5 0 0 0 0 0 34 0 43 0 0 58 38 46 54 62 22 0 0 36 14 41 0 0 0 17 0 0 0 0 13 0 0 0 0 7 45 27 60 0 52 18 0 0 0 49 0 2 12 15 57 53 0 48 0 9
0 0 61 2 0 48 33 0 12 45 58 0 0 0 0 25 0 0 0 0 59 3 0 49 7 0 18 0 0 62 0 43 41 28 0 63 0 0 36 11 46 47 14 0 6 23 0 39 0 19 0 0 0 22 0 0 0 29 0 0 0 0 42 56
36 62 12 0 17 0 5 14 30 0 0 37 15 0 24 0 40 0 0 51 16 50 0 0 0 0 1 21 0 0 0 0 32 0 3 0 0 0 0 64 10 22 0 29 0 35 0 0 11 46 0 38 23 0 0 4 19 0 0 60 6 26 31 52
53 18 22 0 60 1 9 54 44 14 0 20 0 0 46 0 0 0 5 61 28 0 55 25 0 19 6 23 64 8 24 0 12 7 0 47 45 34 0 0 51 17 0 59 38 0 42 11 40 57 29 0 0 0 48 0 32 0 27 0 10 30 0 0
