520006000000000701300000000000400800600000050000000000041800000000030020008700000
400000805030000000000700000020000060000080400000010000000603070500200000104000000
480300000000000071020000000705000060000200800000000000001076000300000400000050000
600000803040700000000000000000504070300200000106000000020000050000080600000010000
040700060003900000000000057000000030200080000019000570600040000050100000020006084
000000520080400000030009000501000600200700000000300000600010000000000704000000030
070009300000000000000483061800002000010000050300000020400090000069075030000600010
020300000063000005800000001500009030000700000000100008087900260000006070006007004
120000009050090203000000004030000000001800000000024600000067050002041070900000000
003000000406000000080231006200090071500000008000040003000070000000000090001068007
060501090100090053900007000040800070000000508081705030000050200000000000076008000
600302000050000010000000000702600000000000054300000000080150000000040200000000700
602050000000003040000000000430008000010000200000000700500270000000000081000600000
100050600050109020000000000000000064370004010800000000000061803007000000900005000
098010000200000060000000000000302050084000000000600000000040809300500000000000100
000450009000000003009000001060008700008002060904600000000830000600001000001000540
002470058000000000000001040000020009528090400009000100000000030300007500685002000
000520000090003004000000700010000040080045300600010008702000000008000032040080010
600302000040000010000000000702600000000000054300000000080150000000040200000000700
023700006800060590900000700000040970307096002000000000500470000000002000080000000
000014000030000200070000000000900030601000000000000080200000104000050600000708000
100000308070400000000000000203010000000000095800000000050600070000080200040000000
100000900064001070070040000000300000308900500007000020000060709000004010000129030
602050000000004030000000000430008000010000200000000700500270000000000081000600000
450000030000801000090000000000050090200700000800000000010040000000000702000600800
100000000006000003080000401000678504000900000000500760002000000590814000000300900
800000302600035000009000000000002609000070001050000030000908206020750000000003100
000000801700200000000506000000700050010000300080000000500000020040080000600030000
047080001000000000000600700600003570000005000010060000280040000090100040000020690
000800009087300040600700000008500970000000000043007500000003000030001450400002001
000050001100000070060000080000004000009010300000596020080062007007000000305070200
306070000000000051800000000010405000700000600000200000020000040000080300000500000
008400030000300000900001574790008000000007005140000020009060002050000400000090056
020050009006180073000000000000500008000938000010000060001000020000004000097300400
249060003030000200800000005000006000000200000010040820090500700004000001070003000
092300000000080100000000000107040000000000065800000000060502000400000700000900000
020456009006000000709000000000010090000938002005002004060200800502000030010000000
100000308060400000000000000203010000000000095800000000050600070000080200040000000
000501000090000800060000000401000000000070090000000030800000105000200400000360000
400000805030000000000700000020000060000050400000010000000603070500200000109000000
052400000000070100000000000000802000300000600090500000106030000000000089700000000
000000801600200000000705000000600020010000300080000000200000070030080000500040000
020000006000041000007800001000000700003700000600412000010074005008050070000003900
000007095000001000860020000020073008500000060003004900305000417240000000000000000
100007860007008010800200009000000002400010000009005000608000000000050900000009304
000000009200060500050720040870000601100000908000000050040000000000612000003050000
020400009400180000000062050000006300300940500000008010000000000802004000964000007
000000689400000070000026000200060340004900802000000000008705000060830000007000000
000000940000090005300005070080400100463000000000007080800700000700000028050260000
000000801700200000000506000000700050010000300080000000500000020030080000600040000
006003000097005130020091080000000070600000000041000009000500800000304700004016005
003400000000700030700001506200008007000940000000000900600000250805002001000600008
083400000000070050000000000040108000000000027000300000206050000500000800000000100
009000003000009000700000506006500400000300000028000000300750600600000000000120308
100000709040007200800000000070010060300000005060040020000000008005300070702000046
000500000000000506970000020004802000250100030080030000000004070013050090020003100
630800010097000000000000030000100006100050000040006000500200001004000907300007480
020400009400180000000062050000006300300940500000008010000000000802004000964000007
000000000200100007030500100005700200009000000000002046500006093002037600008000000
000000071020800000000403000700060050000200300900000000600070000080000400000050000
103007089000009307080000000000003400004005000000600208340000060000090000800700004
380600000009000000020030510000005000030010060000400000017050080000000900000007032
020400050000006004400000910800000000030704000270803000009501020500002030000000080
530020900024030050009000000000010827000700000000098100000000000006400009102050430
100006700000000032009210000004005800870000006900060000000000050040138000000000403
080040000300000010000000020005000406900100800200000000000309000060000500000200000
026039000000600001900000700000004009050000200008500000300200900400007620000000004
000000801600200000000705000000600020010000300080000000200000070040080000500030000
000007290000000300904600005200000700030008900000750000060000000000000400570002008
000080400400000007006900003000000070007006205090002001003000050080014000000320010
400000508030000000000700000020000060000050800000010000000603070500200000108000000
020400009400180000000360050000006300300940500000008010000000040802000000960000007
000000940000090005300005070080400100463000000000007080800700000700000028050260000
008090100060500020000006000030107050000000009004000300050000200070003080200700004
005000987040050001007000000200048000090100000600200000300600200000009070000000500
047020000800001000030000902000005000600810050000040000070000304000900010400270800
040500000800090030076020000014600000000009007000003600001004050060000003007100200
020000000006780100000002000001005004000040000900320605000000008007000030060203957
600302000040000080000000000702600000000000054300000000080150000000080200000000700
023006000006700003080000500000090000000800040000237905500900302000002008070000050
500200009000000120100804700060507001050000008000080200020340000601000000070018000
000075000010020000040003000500000302000800010000000600000100480200000000700000000
100000308060400000000000000203010000000000075800000000070500060000080200040000000
120400000000080003700006000000000008000002045005900060010004090070000800960010020
020000000305062009068000300050000000000640802004700900003000001000006000170430000
120000080400000002009003500000908000070020050001004200000065007000000061008300000
003450080000000000709031000240007000008009005000010020070000290800000000002000604
100000003060300700070005001210700090007000000008010020000806400009020060000400000
002400000000000098008001600050000826000040700700800050001670000300092000009000000
020000593800500460940060008002030000060080730700200000000040380070000600000000005
800000500000002000090070000004000978032000000100090020001080094050000600009600000
000000040002004001070050090003007000040060000600100800020000100850900060000080003
000000000057240009800009470009003000500900120003010900060000250000560000070000006
052006800000007020000000600004800900200410000001000008006100380000090006300600109
000000000072060100005100082080001300400000000037090010000023800504009000000000790
050307040100000000030000000508030610000800509060010000000040006000692700002000900
150300000070040200004072000008000000000900108010080790000003800000000000600007423
000020019001600500000730804067000050300050000000090000089000000050000402000000030
000800009087300040600700000008500970000000000043007500000003000030001450400002001
000360000850000000904008000000006800000000017009004500010500060400009002000003000
100400000000002030070080000500700008600005009040006000000030000000900105097008063
000000000900000084062300050000600045300010006000900070000100000405002000030800009
000009000000000301040081060214000007000000000070020800000005700600030000790006002
000000401800200000000607000000800060040000300010000000600000020050010000700030000
103000009006000000080000540000049003600000020000100050008900204007300001040000000
904005000250600100310000008070009000400260000001470000700000002000300806040000090
090030000000008260000070400010702000000800003000006970070000000040000500200500080
047600050803000002000009000000805006000100000602400000078000510006000040090004007
089020000000400500000000000160007000000500089000000020700000300400600000000090000
340600000007000000020080570000005000070010020000400000036020010000000900000007082
800000000950060000006089400308000010504000807010000600005270300000030072000000004
700000019460100000000682704090000007000300405006000000001000000200074000000200300
600000703040800000000000000000504080700200000103000000020000050000070900000010000
000900086000000500000050001020000004708500090400360000200003000040690070670010400
000658000004000000120000000000009607000300500002080003001900800306000004000047300
200001090010030700900800020000000850060400000000070003020300060000500000109000205
020300000006008090830500000000200080709005000000006004000000010001000402200700809
900008000000906002200003008000000780500807006007600100600009005010000400040000000
607300000000080020020007900001000400400000000003050008070100380040630007000800090
900401000030000000060300701200000006000007100008000450009004800000900012300200600
060000830025000010000016000007060000800405703000000080002000190050008000400007000
003040010000192000000300007004060000500034002080900000000070006700000058029000030
000060004006030000100400507700000805000800000608000090002090000400003200009700100
000010780500009000000000040020000000000600003074080000000003002080040010600500000
501094000020605900000000000000002017030040060000000500000000020000030800060809300
700000019460100000000682704090000007000300405006000000001000000200074000000200300
046000090003004000000060000007030040000800010500100200001070809005010007030900000
000006050300100860000900403400008100070300004090001000005003000908060000000000205
000000500870504090030090000060050009080000746000000000401000020000400107000800000
102000000060000090070041000200900605000080040008004000006020007000500000500800003
005008001800000090000000780000400000640000900000053002060000000001380050000907140
000000401700200000000806000000700020040000300010000000200000080050010000600030000
050090000100000600000308000008040009514000000030000200000000004080006007700150060
008005000300090000007300000021600080000002003500009402000000600005700810400000007
802000004090000007005001390080017000000502001000008036007100000400070000320005000
020000400700000006008007000003008900000000042054100000000060000500009300000340081
100006080064000000000040007000090600070400500500070100050000320300008000400000000
100000000004001090060080000003070800000005100700100000000003008005004970406850010
000010780500009000000000040020000000000600003074080000000003002080040010600500000
700600002000010500000000000000200030540000000010000000000050410206008000000000300
400005200000300000200000008508001004000700600040000081100009000050020010003100057
200000000480090100050000060605000000000000000039025700100080970000002003000003008
080004050000700300000000000010085000600000200000040000302600000000000041700000000
810000070004009003600150000080010000000000437005000000200003060000000002090460000
800010700000040000401009500002000800000900000003086090008000000000603000070500036
050020306609300420200000000000010004046000089010000000000800000000100070500460008
000500040900000600000800000620090000000000051700000000008300000000070200051000000
000370050027000000000800390000080000000200040893000000640031008050000000000006500
000050060075200000900000000010008500030007008000009043300000600000010804780005000
000040870061000000000000000000600031200070000400000000050108000700000200000300000
000503602030690050050700000709002000010000900080900000000006300001000067500370010
708000004065070000040050090000010052000800003006004900000085020070300005000200100
701000040000805600300000000080600500100000030000000000020000800000470000000010000
400070100001904605000001000000700002002030000847006000014000806020000300600090000
006000000350010000017003050000009040020350008000200600000000090672000003080000706
100600000070309040004070002010700009037000200500000006000005900002030000780010000
000400010420000003001060009005000000206007000000050700080090000700140000590600020
000503000000060700508000016360020000000401000000030005670000208004070000000200500
000300010014027000000005006653000107470000000100000080000004905800000020000500000
600302000010000050000000000702600000000000084300000000080150000000080200000000700
000080000000000472075000000300005000000079805000200700200053060600000000008600100
200700000000680057080003060000010000300400000602000090000000070009000805040530006
000003000800200670060000000510002040000000300470500008700400800002010000600300405
300080000000700005100000000000000360002004000070000000000060130045200000000000800
007008000006020300030000009010050060000010000070900002000000004083004000260000510
080000030001200090020000000600074000900003070000001000030002001000048003008000056
015200000000000086004000000000040100900000030000010000600809000370000000000000500
000003087900005000600000040082700000009000064300090800000070010000500000043001006
100700600040090000007403200000100000000000007005038410203040050000000306079000000
000005040807000000005000001030690002000023000004000009002000903010070004090400050
089020000000500400000000000160007000000400089000000020700000300300600000000090000
000000007020085400805009200000108670000040000700000308009010002300000010060050000
000000005070080030900025000000009006690070050000010807080207000061030000300000400
020000074000006080006040900300000000009800000500019000010500032040200000000400001
007602300900000000006793000060300500705000800004000020000016700000000004003507200
006030521000700000903000040007000600000004000010502700000000973000005000008010000
002300580003600900900000000215000000036000008000100200000910074570040000000800000
400000300000802000000700000000100087340000000600000000500060000000010400082000000
008204001600050009001000000000003700800600200005002030000000003054000070200905008
000070800805000097000500000010090000020005030700003000200060900000004002460008700
800000021001009506000005300070400060000070009002090000308600000105000000000000042
030000000070601900040000020200806000009000100000050000400002005000008010000010734
058000004009007050001000060007430100003500000000001020000040300070190008000705000
070490008000001300050070040000000402000005600090080003600007000200300000000009804
010000082600030000000000000009000740300802000000100000400060500000000900020000000
000060009070200000000001080010020000400007052720059000041000000500900026690700005
800700004050000600000000000030970008000043005000020900006000000200060007071008302
100000080070008030000051470500000006040007000210004000000090000006020000080000700
963000000100008000000205000040800000010000700000030025700000030009020407000000900
060000000003001500090800071600002030000750004000090008201000006006000000080500040
004081070003074900002000000005020100000806000000000400400060510000000600001005029
000090000024050000860002091006800100500040000000500607081000000400000005002000030
000800000004300800700000190050000070300240000008009003029000000000001020001002409
000300090020071000000086300600002030501000009700000400000003070000508103018000060
000015060030004070000800059300070006000000210400001000920000000000590700805003000
003000780006009000700000005007000003000020090000004210500300006800002000900500000
000000300360000000008500079000080057000000000020004163009000040400802000200401000
100050000000201000003070060000000009620000007085930000030060080070000100500004070
000800040900000600000500000620090000000000051700000000008300000000070200051000000
000080007000000050900601000206004090000000100000900306408050000600070800002300000
150004700800000000004700000200800005000000208501060000010003009000400300039058010
006004800470030000203010005320008007000050600007000004000200090000000400100000306
060000070200050000700120900002000008018000300070090050400902000000600100000085003
030560007000040000059008100000070800000090400020006070300000001018903000007005000
023000007060001000070600050006304000008000500000090200300005009009400030000000040
900300004100020005002000301200609003609050000000000000480900070000000040000810000
070600300800000006002000090005067000008001009460080000009040000000000207000208003
000605000000000040857000900010908000700036100080000600300000004060800500200000003
100060000005003100060008009708500040000400250000002000000090302001000000003000714
300060100650290000000000008810070500004300900005002007000430090000007006400000800
000601300850000000000000400000070052301000000000000080020000070000100600000900000
000070080006000500020003061010007002008005340200900000002000000580006030400010000
032000005800300000904280001000400039000600050000010000020006708000004000095000060
027004600800090000050000001540000000001000008200030910000600070000002000002807046
000093500000000008200000047000000800060400009800059720400020006790000000000010000
000000090000030051070041800013000400000050003708000020001064000090000002000500000
900510003500300200008002000700000508096000310000800090305070600000100000000030085
100000060007200004900000070030490000000000000690008050320807000006000010000506830
029000600008700020000000050005900300040012006000407000006009001000008400050000060
400000060000940050109060000000000000006002005052310008070008001000000700008050306
080070000000004600010000000000020071605300000400000000300006000000700080000000500
003020070800500900000007080700000093000040700006010800007005030001200500500100000
400000805030000000000700000020000060000050400000010000000603070500200000108000000
050806000000000027000300000060500800700001000400000000200070000000000380000040000
020031600000009380903500001000000800010600040206097000090000560000000000500002038
020004800054000600900000001000507068000030100080002000300000000070908052000070000
004500007020096000000000000200000900043800010000015000005000430780000000000180000
000000020000000800015060300102090500009000004400050000004500070000806010030002050
057900000090000004200000006000009070030700080010030960000024050003000000000068000
000800020006000300040200000003000601500900000800000000290000050000070000000060000
400000508030000000000700000020000060000050400000010000000603070500200000108000000
800406000030200400040050078069005020300000000000600017520000030000003600000002009
030080000807500062000000400200060094500010007009200000020600700000003000608050100
000001700000600003060409501020000000309070000000560000010040600000000080702000009
102050004000020580000090200000070940518000006000000000095200000070030000000069070
040009003000507900068000007700030000085020000000900010054003000019400008000000300
900600800053080200000000005004010020030004000000002000001009703000050009008700000
100079560800002000000000000061007900300100000000060400002090000609000140000800020
000300000000000081052009006709000100000400050000806020208050090095204000001000000
000030800000020000900001630005810009204000000080500000000006100002040000630000500
805000001010000700000001000200460900080000000006050200300706004600000020024300090
002030007057000000900400020070300000300000018580009600010090800000000100700500004
000000800200400000001200045040070000502000009803000600000300500108500090000740160
100640000070000000904000001000060079030070004040058300050000900000000000406290500
203080000800700000000000100060507000400000030000100000000000082050000600010000000
000060080003000206900005000002518090014000000700003000200000000400090100009007005
390600000002000000040030850000005000060010090000400000015060030000000700000007082
070000000000000080009804060006100000500040200040090070000031602600000500004200003
000000001850000670006400500600002003004670010008000000000006000003010049001034000
804009260070002000900600047509007000400000003000200900000930854000008000000000000
100070008040600000005001000000030950009000002000004010001090600052000800700203000
067200000020000000000070905000750809000040070080310000000000540300800002001003000
050000047000080020020000006400350070065090400038000000000510600000009004009070002
000580600000020000974000000016000800040900070500000000000060008050400010002090400
000000701004000030085000060600901000010007005000030200020008050801029000060070000
000074000060290000007300001200000700008020045590000800030000980000083000000100020
000010020400900000009002003800020000600300500030406010000109850580000040000000006
000000000970640000100000090510070043000100000096050170000007530002060410000800000
200300005300059100000070400500008000701040000000200060000000204005000008890003000
807006002000050000400000900000020067001004000006309004700060080009002000030000500
105000020020005000080090000000080060350004000000300050010009006000000094802007000
001300000060000020340090000400900700009460005200100000000603001000008050608000400
020700090004000071005060000009073000300056010000000040010000008600008000090002004
100005000030400900070000004001000000000509703600000000000004079008010400000080005
000001008004007650050060390013000700070030080460705000000006009002900000000850000
500003000000500290000070080005700000046001320009300800007000900004009006000060040
100306080006007000905040000203000600500020800040000000000400009000700000600010205
007000090500020070046790800693001000000800060000000005001670000000008020000000407
000098000000000710201000400000006000800470000607001003100500000030000860004000190
100000000040059000065300004200600047070040006000005800000003020002007005000000610
004008000000700624000000000002000900603000050700024000050300070090000008000010205
000500007060021005000080001041000000000092000570000200410060800000000000705004062
006001000803009100090000007000200050000100400030046801209004030000500000650030010
102000097000400000900001300000200008030840002700005000000050000000000010487600000
100460070007000004960000080006003800040010000000020030000000002080900500705002000
020006000050007200060081000010005300008090000009000000400600008000000713700000000
209000000080000700070001500410000030090002000000700008000600300000870010000039040
020080000007009001040000005200008009000160000078500000300406900009010002000000060
000010059400050800050700000000590080010203000034000000003800000000000607072900010
100070000000049000906080030000090007020000500008460120061800000300000008005000002
020000090065020040904000005006050000000170000540000018000002000059000800700040003
001400000570000004290100300000500062000069057000000000007950000400020000130000700
600040003010000070005000800000502000300090002000100000008000900070000050200030004
083600000000070040000000000060108000000000027000300000402050000700000800000000100
050302000000001600800500070070000300000950002000203709040005800600820000780000000
000460000568000000300001000030000960095600000000700040080940300000070020100000890
080650002090007000010300008700000043000400500500001000002090300900000020004200060
040300900070005020800000000600000352005000090004000600000900008000042070090160000
008000054000250806400800003000000020009000700710040500007980000000005000160007000
000260073000900500020000080000509000018000000400300008100002000930000400500000060
030001000800002000002790005000070008010080020000003970057400010080009000006000004
003000600000024000004301000230800409040000008700002300000050890000070010500003000
000700002000201040900040070097006000010000230300000000730400020500003009000150000
100000709040007200800000000070010060300000005060040020000000008005300070702000046
002300000850040000970501000400000890020910003000004006000000509000005010007030008
000008900806500002000320000210830007030010000005000000001070020000600009570000004
003000000060709001000600000016000809000000024098000000500002060000504030009003200
090000020800200000000001008009004500050600700604080000000000050206800003000140009
013900000700000000000240010000001000480060000000003906000000000205000740060004890
007000400006100000023050007002000005810000200000600010000400000000000340008032700
000000700300000046000086002500300000090000100600200000007010280000097300800030000
102500600805000020000000500010000068008170040040603000000430070000009400090010000
800030000000000006000062580500900010000070903009000260400009050090000800205800000
100000000020000005906800000000030000600000409070029600000005900000100706830000004
000000000206050040050004300000040000070560900009028060600000021307000085000080000
036000040007500000000030000004900060700040800600000370059000000000100759400600000
007002000900300400000000006080070020013000040000009010700906000001000800200005000
002008070860000020070000300010679200008000000040000050000100009000050460007063000
795600800000001000020300000200000050000000708046070900000100000002005009854020000
105080000000406000000700082006002900392000801010000000620007490000000005700900003
030000000805000401900001060000930010000006020040000076000010002700800000001350000
800004001970000080004380900000040002600200803005000600000000000000010059001890030
020000500000060340900300000200000000009100064007090010031078000040005000000000430
006004300000300070010007040000900005360000108020000000090086000007000000500001200
000010000016007090050020060000009400000700000042000005280000003005060000300400800
000004200800009000064000000300705009570000000006003040009500702030000000700400016
000000000060000312000085070057003006900010200030000000600090800300001700090007001
050600100000035000670008400200000800000003010000070050000004060009010300002000004
621000000900000040000510000000000907070009400002000650040070000000100085200360000
003000600000001090070050000018000050020070100609000072000830010000200000400067300
000070000200800007000006050000090430009000008004100006500700060007010003300600080
900000040000400090030090521009000000600530400000000050002008000010604002007003000
100007590070090000006400000000800000630000040090540302320000004000900080000104007
000200706000006140400008020380000090005301000000060000500902300200000070079000000
000085406000200000900003200001070004600009050093004008005000000060010007470600000
000070080070020001006000500300900800000007004000010260001058000090000300500000610
000009080010000000072400060000908040500032000000000035030600400009003006000010070
902401500004008000000200000000000000005307100300010460007000004089000320500600000
100600000007090401903050070001500009304000002000007030005000020000000000020940013
080005700000010000020007103030840050000030049002000000000060000041070005800000070
060010302008000000000900005020060000400000000000002071307009400005000000000705600
005000000003080004000100705601000000800403002000010040508000090010700600000029000
000004600000500701900000080300000500007206008050090000600805007002000100001000064
390600000006000000040080520000005000020010090000400000018060040000000900000007032
020405000000009000000030280000300009300804700400006520001000000640900002700000300
000080002070020000130500700000102500040060000500900003000000309019050400007000060
070810000900070000300400008005000430060001200000900007000000602080000750000524000
005090040007000080000208003600300020000000704001000000000047950000800000800000006
000213000060009080000000090508400000070008000300000005001000700200060001005030460
000740008096000000000020040000057600800000021003400000000300000124000050000000700
000456000040000020008010500810000903000070000602000018001060300030000090000709000
600040003010000070005000800000502000300090002000100000008000900070000050200030004
270000100100000000000500000005308000030400000000000900004000083600010000000020000
060007509000043000000050000003000480000060005012000060090072004400000020008000100
007000035010040080000300100500001800000000002026000400000080000800765090070139000
000070005601092000095060000800000003060000000030040700050000010002050078000409500
000002000000070001700300090800700000020890600013006000090050824000008910000000000
000009400015000030009200000040050000080000640061000008000000002020780010003060700
006000000070046905000007000000020560030010000000005004090100000000370020847000300
000007000008050000060000475000020000030090640094000300050000060000800901007106000
900400300000089000030000500081070000000005700000000000500037100090200080006000000
002000900900006001800400030000060050030008200000000307020900100601050000070004000
000000900000045002514000800200030000065001070700000004000500000006900000109003500
700050000000784030000001000040000071007000009029400050800016000030000605000000200
100500004064000390005000200000000008050100000000060120030006009600007000700038000
100060080073000006060350000000805700000000100090036000400080000039007002005000900
060050700100000085004090060005060000010020300000003100030700600400600002008900000
040000100002650040080000500600000001001009000908200003063008020000407000000500800
002480000900006500000090070009805400000000000500003100000600830028004710007000000
000020000002800900060090005507008100048060500010000000000900403050000200000004800
000001000904680001006030007000000600600009004402500083000800040300190000000000078
000000000005090170030002008400000000009400300070860004007008000200000001001900056
047000000000050020000010000000300709800000000000400000000703600510000080200000000
010007000000850900003000004020040000750960000100008020006200000000000030000005708
007500031100000040900400680000708000090140053004050000005800020080205100700000000
002040308600002040008000700500000007000000900004371005000910000403200080060000000
002040000000501003900080000010030078090000000008010006005000080300020504471000000
002000070004050000070008001006005080040100200509000000000000907030027800000540000
900001000000040031100600000008300004000706008006050090002800370000000009000070800
008005000000230000902400000060000000009040057803070010300000070000500026000008400
003002060900301000102050080000000002005003098000400100007000005020060000401900000
000390072000000095070005300000000000000100200007048010069000050030009800508700040
000080001000000000000009470409000760600000003300000100080700000004016030010004027
100090000004063090007000008002006000590180020000000000001000800070002060000910700
060030000100200000200070050900000000500800041000002908000000064000006000004109502
020509040005000001904060300000695000006008000400000002030700010000030006708000000
040701000010000090009080700506000030100006000000020800008000004050030020070500009
010000800000700005000000000000500073068000000400000000300400020000082600700000000
001030020000070600050601000700040030004005108080006000000000802030007000500400090
100000090065009000000630002206047005008350020000000004009000108000900000750000400
070500000400000290080040000002000007009000000050028000000900003000007015700650040
063000900007806000840001000000005203500100000000074090020000806080050030400000002
060020003000000000003000405000800702010004000800230090040003050780000001900080200
000600004005309001000080730010006000603008000700910000200000000007000580090000603
000020680900300000000060300090006007010000800306008020000005000402010900080900070
600300200007000049000000000320600000000000087100000000000047000050000300000090000
100080500050000240000024031005830000600000070000160002300450600008010000090000000
030008010420000000000900000009002600000750000000001038174000200200000085000006004
000370800000000501000480020500003000040000000709000100260000079005090000008007600
102500078040000000000081000000000009080000013600007000200608905400020000009013020
100000900002700000000340620010050700007000003590070008001000060040000000700609300
064000700000801000003000000500000028070060000000000050200500000000040300100000000
007003568060018740000000000006400800000007009004850300000120000200000004053000000
000041000900500081070009600000400000300600140080100003000000835790000000002000010
000000003090604000000010280000060001730000600050400070005000700309100000600970002
370600000004000000050080190000005000090010030000400000085030070000000600000007042
204000800000008036000900405007000600000307000160000000070001000400080090082009300
005400000040080700000003005003026089100000000000307020009040003000000060020500008
000060400508300000090000000001000087300050200000003040060500000000840070200006009
000000004000200000640008001069050000300900006005070080000301800700000060500000200
020000000006004070100080690000000020500000000009107056000006000781009500005010003
000000102000400000800030050300089500000000070010600000003008000002506009060970004
400050000081002006000000000000040002000100050000095307030720800050003060007006030
100000890080270000005008207001000405000010000700050000300000000000400970090607030
020006000007580000005000034008000003001735080000900000000800000000001750200003010
003500080800001070000000301200010000070024900600007000302006008450008000000000460
000600803050010004009000100006080000090067300500000700000009000401032600030000002
000060001030200600800490000050000107200000000704000030600070500000002008002804760
000000000601000900300240010050006000009780000000000087000507000200004300000003604
708000000401000050000007400020050080004090200000006040893040000000000000000200309
104605080806200000000000000000060700600007010009100200050400003000910004008000002
050040800060500009000000000000000100000230007001007002004090000037600005008700020
007480300004065000000000906080000000100050600005048070000000020070000000390170000
002000680003000020074082000000405090300000005008070103000000000000897002000024500
000009080800300002067500000002700600030045010000010005001000090005007100490000000
906000008040800009000006700090000000830050002001007500000015300000402010400000000
900003400000600005027009068500002900000300000070000052030560000000007040008900000
400800000007240000020000070250009600030750000040000009000005000000001590000900260
100600000000700000074001300730000018008900000000000260000050020000820005095300000
052000000060009000900080053010702030000030107008000040000070890000006000005000002
000500940050600080004090300300070100400000000297000000600950002500200010020080000
000000080072000001006090007040015030500000000600270000000008100098000370000003005
870000000005306001000209000680000000700100840000900000001004205200000430000000000
570080400000000030003200105000408000000005000207000001901000004080709000002000060
340600000002000000070030510000005000030010070000400000028050060000000100000007032
030060000800090200900340001000000800000000000009080546206400000007200050000050007
003000090800021006050000000060250740000073005500000200200007080000490100090500000
002100000084600005003094000020000004000000003000009870800003001900010080030040500
800070000100600082000000001006000200007240500000730060009064000000500400020000003
200004800095007030000600000000010000043000005060308400470200500006000000020000690
076000001001000000002000940009001030000500006040020000080000007010090820000037000
000001300070003001000000400009000000500040002280007050002000030300075009090080600
850030000030000506100200000009100008500708000000040000600907050020000010000020070
700000130000106400600007080429000000000200000000080000090810000000000609005300000
000603780000000501000000030080050090590040200046000000009800015000000000028010070
000070900002001050000060080500000009630000000009000016050907600300004000400080102
800070000004005300070200040009000020000000000503080100060004070000000506000067003
390600000007000000060090120000005000020010060000400000085060090000000400000007032
120507600800000400000000050000000908000020000703000020000800006009603800070002004
030608000047000000000010890070000180000802300600000050000401500008020006010000000
000680090000000025904000800201965000000000003000070000310000000000000050709102030
000400025000001080020090070700000300603000000080037050090200000400100800000078090
280030000000500040000000000300000802000407000000100000064000070000010300005000000
004307000000000300000080201410600090009030500700009008060000050300000100500010007
700000004000290000600080050000700800080001090004030200020300006176000020400000000
000580000007000600300604200970020503001050040500000700405900020000000060000010300
000001000840007500005000080000009023000260700000070050700002400008000035021000008
890500000000098306003001000030000002906080000008040007007000400050009700000010003
050400000803001000900500080006030090090650000000002003020100700600000805000040200
002000000900040000000671000000008000000064307000053060430800020680000050700000010
000203001400008300000090000006000002005000800790000060500040200001000007900065080
000006900020000600000750024004000009002003060590000000080000700050010008100039000
000080700000090000009040003408000002050037000070005000000000610190000000002003004
000030000070050002500040090400600900090000001302000070007094800000300100008000050
000003700800720001000000063200050800400032000000060300000009020008000400740000000
050040300200000070000000000000602080031000000000700000600200000000000403000010500
047200000000096001002000000006004030008010000000800000000900003600002740704008009
030000400000080200104000090070000020015607000000002000093000810000100007000850060
005032000009001003400000000600000200200005084007000100800060007010008502000000040
000070840080000030000002006010408009008600000056010008740000000009001000000000357
000000900030200000800000401000006890003047002700002000500030000090600000070004608
000000508800651000900200300040700905000020000501040000010560809003000000000000610
850000040060500003020008700010000400000000069700090500300900000400017020000200300
800090007000600900000300080000050030000000052701006000400000000300079800090000013
100500207050200006000070800000030980500009003009000010300086000400900000090040068
010000630000003000800005009000407060040000010000090005100028000708050002002100000
006108000040000070000000020600090005800000300007001000500003000980000600300020059
000300079800000300060001000004005020000030090080200005230000000050980600600510000
000069000800004000070000601000000002300001700000806130000000400104090060023050000
000058400804730002050000700305070060046010000090000000000080600000900073000100029
650480012000500000040003500006008000000025490700090006000007020069000000800030000
430050000000100009000007000005080340000420500800000000100004600060009000020000008
100000090000301004000060000000806709069000000780000400400003057500017600000004800
050000080004000906000609001000507040002000000030000007001904000200000504005008000
050000000800001020900600001010030006000200048000006039000005800400000600006073000
020058090503060040060000800100030000090010020000500007000900000000700000604000500
000030082401000000000000000000406500080000030000700000000500700600000400030020000
896040000000000702000900060018009024600300080030010000000400200300006000005030010
100000680000060200065201000010490807000000004007000000500700008008930000700002030
000400500070003000004210060030080100800700006950300000000900001060000020003006084
000040006032500700000000005607030500000000000900070800000802009050000103400001000
000040001004060030000900006000500000986070000500000002002007300693000050000400000
000008370070000020461000000000090080010006003635080000000003007000600009020049000
000008029400700000000020100850300700600000091010000008500000400090003000007650000
070000001600003200000702690000009003000500000500306700008010904010000020900005000
060000070900080006003009100008095000020400060000210800005000600300040008040000020
060000000004280000000031005000040390007900002008002700006020019480000000700500000
040010000500408000061200000000107003000000500403000810900000000706030902000069700
002000400905630800000000006000060000000073090008015000706300050800000040300020100
000000000046050900050401060010700000030005800708063000001000090000000402000027056
002005007006000003000000690007043060020090000100000000069000002003800001401030070
000500040800000600000400000620080000000000051700000000004300000000070200051000000
000000700800300001905080000200070040300040006009003050000004800608900010002050000
092060500800005406000098000005001600078600003600000000009040000060013002000000030
070000600080300000000006203000000000001000390000095402200050080510400000600007000
006020500003000004000745020000091000040280000001007000010000002050800700002000048
002008400070090000900050007004100060000002000018005000000000030050000006400607902
000600000008090010006015400000000971520070004000800200700300000000560002460007000
000003010000807002800600000000000000069000700020008060004302900001700004308900000
030400060020001409004600000500000100600008950008007004009800000000000810300040005
010000000005000900200080005000600070040300010509001008000020400100803060000007000
000902000008000075300400900005083000070000000610200000001007064000800300000600090
960000008000047000000080063000178000400002100070000050700020045009004000030005900
900201605006700000005000000000000702200009030083000000000000040000603020640500010
050400008006000090040003000000000039005000806009850000020004010600100000008000002
040000700000700001005021006000800900600002003030005008301640000000050000006008200
030400081000090005060008400500000010001900040080107053008030000000600700000004090
009002500130000000800970000000000610000600040000008002000000057502100000006080009
005080000007500900000741000014300600060000500000010300000000032003050700700400006
003000000800000095900004200001003940060000000000075003500400080600007000009000010
001000000060000007300060890800009300030400200200805000000100004020040000000008526
000500900000801025800000001040000003010600000005070000009060000000013600030904007
102000090000000500900000020000006000020000800080405060201530400370104000005600300
036200080000001030007005000010000040000103050000060009000900008470000900200004010
000700000120000084000080000094500000300002006700004500000000160601007305000050007
000090000003020000070041900020080100000006050600000070040002010001500063000000800
000005047000300000000280500003520060008000000600004050240006000000000070090000103
000003010002006800000050400020000600600407030107000000040000700906000200500900008
900080302030600700140200006000900000026034000000020000093047005601000007000000003
130000609000200540000000070000000000620080704709046100001030000000015000490800000
068200007000000000100608900230009040000005000004300700300010080000000300090080062
060070000200040000000501400080010000010300247007000900000008096800000300056200000
003000000000051000002300004000000610001908003000006200798000000000800000000109560
000500600850700000904000000000100070000000104000049250012300700000002000000008030
000408020030090080000060094000005000600800000012036008001000060460500000090000010
000060007903000020000700001046500000080002000509004000090003040008000012005070300
400010080009020050100000002030908007005000000000630000006000400001083200700006008
390600000006000000040020810000005000070010020000400000085040070000000300000007042
006050090100600000050001080200003100005000002709060000400300007000400030001005000
002400050800000200060000001010047000006050020000000706000090000008105030790030000
840009001000080200000070040001004000083000060009000004000700030010800005020030400
300050009105003060046000000410000050003008710000000040600070000000005031008200000
100070600805000003007400051000000700004020000500106020000609300690000000000004000
050000008800203000003001040230004050600000700008090000006540080007000100000000030
003080000000500000708400030809006007400700060000000100032000540500003670000000009
002005600047001000000008020010000049084000032009000000000000000300950010000012503
800000001000950000000000000000070420301600000000000000040000570600308000000000200
500000090210006700006300000000001050900000000000970346008030001000008000000400520
004000003000701000076000001002000000000900008080200050250800090060007040000003000
003080950800090000000703001030000046008040020700002500002604000000900300590000000
000060005800500200000800006410000090000710000700400008200003007007080060090000030
000050001080900060000080700000765003020000000600000018006010000300270504004000000
000000570050010000000000080000702030040000600000500000000060401702000000300000000
200300104006000502070200000800002300000040600700900000000650000000000010039407000
100740006900080002000300500600090007008000150000000000001000700400200000050064300
100080003053400020900000000007200160500000090001000007000640000000010200005072008
030000400000000002100450090009760030008000000600010007402037000000090006000100050
004708000008000002000600100300054007000009000009000500087000030000013004020000060
004301070002000300800000001000090020020008060005070100040050090000007600090006700
004080006000000050050601840010000008009004030700030000000240980060050000000100600
002009030800000004009500008000000000083650000460071003018030207000000000700000010
000600050000300000020094700609002308010000026000000040300006009008903000400270000
000408603870030000000500000016300007308200500000006000021000068005000700000003004
000400007047900060050007000200300000004000608008004002000005090600190020030800000
000050009060000030000309410300600000600801003000005007031507004050000020400080000
000043002001200600007005008000000004300000016000052089040000000085300007902007000
000000076000005100200300900930020001020000360704000000000001008050960000090040700
320600000009000000080070150000005000070010030000400000015080070000000600000007082
060080000100900200850001000009102603070564000000000070000400000000006705000019800
060000070900080006003009100008095000020400060000210800005000600300040008040000020
402700000007001000001050000000070203000004000600800500000010479090000005006200080
002000000801300600000007004010900000000004800000006075024090300060000000009050008
000590000007020050000007401010800000006030040000900002050006079400000000080000300
000530091000640000000009020004360000700000006093005100380400057002050000009000000
010600900400000050000039040000006010020003500060000072080000400503004000000007020
000503000000000062000000970500400000000000190780010000201600008400075300000002000
000070001006000005000000400090000500608105000000000087310090000760020000200310009
030000010690000000000593000200001300000000000007600280080700190700200600000005004
000000034000005087000020100009000000700300896860000000010600000002400300040900001
160008900000704601000000000087000300000002000009000050050000000708030240030000806
102004900040090000900701000004500006030000000008062100001009000400100500060000800
070000035800900400300020000000010500000408000060030080000000000050000173900042000
060400080907030006000090000500000004000003700030500160400000050080000000350206009
050908600004000000300060800000000700006830000000702001200500900090001006000000035
020000040040006271703000000002000009008000700090005010006109004000600090000002105
000602800000000070140005600060200000007003050000010290003007000000040035900000000
000300086007600100000050004006010000504000302090040700200030600001005400430009000
000040000000602300830000009070264010000000400000037020001000000690000750500800006
370600000009000000020080650000005000060010080000400000098020040000000300000007012
060000070000208500900001002090000130006500000038000000040037060007100008000000700
040056000590100200001800000000032406080400000900000007000001030000000700065000090
032000000000020040907005000010003098000200600068010020000530000570000003000047100
020091400008600001300007000800006070010720004000000600600900500004000080030000000
020000080000870000500002060000000050060200400001003000000906030040005078005007009
020000000806090070900350000000060009070010680000000005301004000002100000780006310
010000090000004000060080200003092050020800010600010400000000500000039000200051860
002400090070300000904001305008000000000005010740000020001860900000000402000200050
090000700270400900804300000000571306000000080000009000007030100000064000060000005
070000006900730000802050900500000000400096000080400200000080150003500004000900000
003000090050200000007361000000000710400008000000030006000500830085020000200014000
000230000100000700000800000000005610082000000000400000500001400030060000000000002
100090000820075003000000670503000001010000020900000706058000000000260057000010008
100000000000005000204630080490300006000070003000500020709060000020048100000000062
080300050000004030100000006007090304060007000000000000309040200014000700000800003
070001000920080000064009205200000900090006010007000800000800600000000050400005120
010085060400300000000100900030000001801400050600000200250090040060007000000000086
002004000000800300305002040400000000080015006007000519000400600000070001000006050
000008090870000401004000300040020050610004008000000000000000062000910000008506003
000001030860000000003000009005600003020510890090000006000004071000050020019700000
000000800020709000900008710804000000006040005500003060070500000300006002000900001
000000090060001700900000200010302600000070008700040010200039060080000000400820000
000000050004030800000091700090070008300500000806003040003000000540700000900000620
060000070870300590005400200009056400000900080207800000700004002008000710000000009
020003407500074000000600000000010800081000002000009073830000900000000060400902030
002700004900000700010006050005000000000040207003687900300500070000004000859002000
002000005100023080900700001000030052006000008090100600708069500000000030040057000
900050040000008600005000090200000030008007000000106000700600004002809007090000023
500300080000000009079028000100000070000030020080069050800002000046000000090000407
490600000000004080000000050000200010000016702070003000068900000002500600300000007
400723100100080000000009000052000070070000305800000000000006480013000200000200053
302080006000090708050000020780040009004000000010002000100070000040006370500400090
206953000000002000080000030000009000000300100053040070102000000008000001000400650
000500280740000000600000000000302050100000004000800000020000300000060007000010000
000009061600400050200500003030060000004001000070000218000008120050000000000050700
900500030004003002000021050006010040003069000200400000000000469780200000000000000
900060100000001000000200076002305000080900002060000080403000000005700600000050930
400080000070002004005000010900004600032008000000700003380000000000040290009600007
070600300960003000100580006009050000000002100000000054000100008091060020430070600
002000300104000000030000406009103000006000020000085000070004010300750900600000000
000870020094500100003400007006050000000007002070000060009000000000326001040008000
000000080000780200004000601205000130000000009009103006001900004500000000003650000
000000000800200370902400005006980500700040000030006004000000000300809010009060400
070000400000002000206000098003000500000080000041900002000230060000007009030405000
000478300007003290030000400200050000006800000014000020093000000700020010000600005
800300001902000000000560004008004065000700003206000000000010000000080542700000000
040000098000061000000000020506070300000900400000000000300000605090800000000000000
036402000800000040002780000020008730600004908700600000000007010000100300200006005
030000200904070501100050300000405000000000709600030005090000600080002000400107003
007500000100060090900070001000004603000000005408000070000307000023010060001000800
830000050000901000500007200080400097000500004000010600008000000670002040300005010
709608000800205000006040000008010603000020050000004010002000007500000009030000800
080000209000000060003100780005603000600407000030080070920000530004000900000020006
030080004000000360060001002003002000000038150008000020200064009086200000070000000
000097000800300001000860300001600090000902603500000000302000407050700800700000000
000081070030000000020009001000405000000000027008090500001050600009000004460000003
000000000000301400062040350019600000000073200000100006000050089400000500008007000
400000700006800005900720010000260000040500009000001000085000003000003000700000804
107002590400080700002000000540100000080700600000000940000070000065009400300000000
050004000700300002004902001000061700007000005540003010020000080690000300001000000
008000047010300800005000000050600000000209000830004090006080100700002000000050003
003000080900000620000900000080400006040003700205007000008030000000005010007008400
000010000090208706000006850005400000604300070089000500000000000300007280040100000
000006007002000000050900086300090000080000091200700800003005070400030209000100400
380000100060090000002000090410000900008000002900000008000003057000086000000104020
100090000000000001030600070000000502590060030000070890600700040940008006000000205
020700000000001300000080201010058903050090000400000000008010009000932050700000000
020003004800700390007000061003070008006002130500000000040800006008010020050009000
005000060030607000102000003400000006000009800080030000020000078000010050003900040
000460000840000003050080000312050400000300000000106000200000980000007004095020010
000000702007050000030069000500600008000004130010000000076800000050090420090030000
350600000004000000020070890000005000070010020000400000036090010000000500000007082
100030800000900020000205060006300005080090000007000100005000000629800000008060400
020080007006009000000050480003000040500060200670100003001400000000017000080000060
002000300030009201100000079080054000009000500070000013000000060700820000005607020
000487000050900000007000200201004090004000603090005000300000020008700030060010800
000000400005070010000302007060080000009005000010000209000000008400600000307900065
040300087000020000050780020000500000030010042090000035001046000000000306007000000
007400500600002000000000000000710800200000100300000000500000030040900000000000026
000100300004050080200009005540000000090003000002700010000068000007300064000000052
000080000091500030360000040010000006230109400005000000000006091000040200007300000
006300000000000100820001007900040010300297000000000500000510080004008030000002600
004900002500004000070000008000000603001000507950000000700500800000401009060820000
000708900302000400000300100580091020001000000000000008000170500060054800007000000
000270009800000000000408001320006900000009030700100002000000000094800006078900020
000062000407300000000001370009020000001006800000080032080005003600000100790000050
000000106050009000007030050000000347005000000704002000000070038600020000080605701
930000001067000020800000300020070000600030900000020460400600000090050003000004000
100500680000000000005786000000000006009000240006054017050602070001070000008090103
100500300070020000000000020000380170000007005005100600000006800020010060039800000
030004700000020000906380000200007050000000300000502100020006004400173000007000600
010000040009002000260007009720500800001000500000010020000420000036800100000000003
500000000000603020094510000940300007000000000100006008000032790080901000000000003
056000300070000080803001007010780900000900000000000043285600000000020005060009100
030040980060030700900000002500090000600403010000800000001000007000900000007050203
002006000000020904004000000000800000500000002080049053300050600050000008700060030
000080050930000700000601002698040500000000040500000208400020070069000000052000900
000007010000040500040003007003600090057900000100000800030059000206000100000200000
500007000000000029000060805030004200007008010900050000000482031000100600400000000
370600000009000000020080160000005000090010080000400000058060090000000300000007042
350600000002000000090050480000005000060010090000400000018060050000000700000007032
302000000040090000000080307090000006065070890480002010000800400050010000000000050
300004006000020070065800001130500900600201000009000000000900704800000000000460032
090005400000000010004100060000304600006012000048000005005003000800070000000000287
060051000020008001000700280000006102709000000000040030080000020405000700000300600
023004000076025001000700080010060700009100062000002000300000800500009004090000010
002005930000020000100900050300050040000400008508102000200006075400000600009000000
000250000650000400309000000400000130080000609000083500000001040091070300500090000
600900000500100007103800004006000930000020000000005082001000000200000413800030000
060085000905020000007900200000000100504290000000008030080100409000400800000009060
007008060100050008000600000700060035004007000090200000050400020070000300000016040
002700093000400500900000000000000000000109320080002160006000900400003010007008000
000500040000013207000040600400000002050000000002700309060302080007000000001800700
000000602030800000010000000000500730900400000200000000500006040000020100000090000
000000070006501000090000060300080000002070400064900008100000200009000540050003009
800009000700000005300000021000690003090000510000047000530000200001073006000400000
800000730000600000090000501050300107203080006004000000040539000000001000509020000
390000100000000000006480000508000001070020056200700003000903060000000200000057008
050240003060000020800000009400812000005000000008305000006000100300079205000100700
050000600040070800001400000080000000000150780100020000005001020200760503690000000
020009080000000290005000400000070300307100000400000000000006900690004032700030506
004000100060200700500800000800900030007010900000000040036040000000079650000080000
003050400700060000050800060500003004010070080200400007040008050000040009006010200
600700209007000000400200050000300000000020460098000001800010006000006030000005000
140000006007000930003000000005070090300410500090800000020008600000007850000100004
100000600007690042004700000510900000008175004000080006001000809300017000000000000
024060300000090000900040001002000900000100083080000510000473009060000700000800100
000640300005030000020070900002360704040000000000002009007000010006050002010000000
000000000073000500052708000100000090006000040904031000000000023000000760000609400
030009000805001000040080000000200608000070040700400305001000800070054210006000053
003070060800350000000000301270900800090008000005000610010000040000000002700064100
000005030060000840005100600000200050090010007004700090000008000900000000027000406
600000803040700000000000000000504070300200000108000000020000050000030600000010000
050090008000480600000100030002000000043700020000006000100040000469000000000003500
020058003000000000905000600210090000000700004400010060530040020602000035090000010
001000900000360000307000000920000810008004090003000720000600000000058000049000180
000005340384900000000000000015030900000000102000020080000080013907000000000600050
040000370003070490007080000001600000000000023590002000000000009605100000000030510
001900030030002007800000000003060040200000000405300001010049000004010860000500900
000000000900000204645000000016002003000900702000008060000500010007300000300009506
100398000000000000975000000504000000030100009000080605050004070300000102000007003
062000005000040800800021000670000030001073000300100048000700906000005003290000000
030070090002400001000080000000600070008005000040008506001000309306000010007120000
000000520000301004040057080286000000000000000030800910001000050090700160050000070
850460000000000500000200470004000010300800000500000720200500800001020900400030000
050000800000040020600080001000000000006000007010432500000300090042109300005800070
000090700800003060703000020006047100000000000020100005090600000000500680004000050
000040001000209003073100000000080620060000830800000004050010090701600002302000000
000010003070002005005697000709300800600100090000070200500000060008940000100000000
140300700800000000060001000010700020304805090000000010406000800005003100000402000
100000400065070090007000063001900000004005000500100830000090006030007002000806000
040006050000080094010030007283005000000000500000017000400000200000070008600300040
010005000006800001890000500000790046000140080000000900000200050470030000300007009
006700000010050086300006000600010002159004000000000800000800007000000300021600900
000080304250100090000003000040020030006090800700310009000000080602000053004002900
000010000280300000000690050040002005600070000098004000100006340060000000000030700
000001930100986000070300080600000003000030590003200100050008000090000040000402000
718002060000000004500070000290003600000009050000400008300700805000010090009208000
106400005000020000000306080000200800080907130004000009000000590470000000500103002
100600000035014060000000002008003020020000093010020500469300008000050000800000700
034002006900001000000000700040908200500000030000030008290014000000003600006000050
020050780000900060008002000300007600040000070007300021000800900090005000084070010
007005300802009001000081000000600000000000180409010020001700060600020500030000000
003001000060000900070405001500306020010000008000000100000002030600800004730000050
800001000000408003060050201000007900019005004200080000508000302030000008020030700
500470000020000900000000000030109000000000087000200000704060000000003100800000000
120000700800009000005700083000403009007090010000050000030600000600010005008000100
000000070035091040000020001200060800000000000090835060010040090000903700600000000
907050080020000000005703001000072000000000812003980050000000460090000000608300070
090000301003004800000000060307008000100002900060700080070003500200470100039800000
080000100700140200400000000000000503040070008006401000000060000000000805053002001
006350000800400000030020050370080604000030090400000008000067000000500040080000702
600000050010039060080020004000800000000000900001005000900000040020070000000004817
000700580500000000400900000000000054000031000008000906007090410001080000060000070
063400000900000000000900250000000009609000540000000070017600005080203060000074020
050403000700500000000000200000020600003100000040000070200080100600000000000000040
000406007002090006000000150000008920500000070007050400630100000000089000019000502
000070090000008004042001070004000008800205009500000700070600130200800000060030000
000020080010000070406007095200700400954830000000000000000001000500000003003600700
000000300034009050700002960000405000002070008000000003061000000040007000005091200
900403000002007000040200090004000560500000008600000403070315000009002100000076000
100900000000050920060080047014000060300400700500000000400000096000103800009000100
030000082002090000004006700000043000010000500700605020090200006006500009000000310
007006900000730010000800600000051004030200860000000000170090400025000080009000030
003080500000009070000001200200700000080050160000100840040805000600000030700030000
003000000050080007874005000000000796018090000000200000006300002401600000000804300
000000006730800001008010900004200000900050000200300700390040000000005000840003062
080006000009000020060010000170020003300000471000000000000002819500300000000140000
050400070800050301060001000200000700300000250086000000020070000030920604000100000
020500080005009000070000001000000013000003900300296007430800000050040070002000600
000907460096050001030000000021000090000004000075000002000002000003600010200080009
000470000800000491000001003000010039009820000500003600410000706005000000000060010
150090000004000321070000900000070500000000008001056004600300010030002800000005000
100300007006090000040005000003000800601030000700060035000006798400000000000008010
042008000056009020900000000210380009000005000400100600500600000038004072000000360
002009000060031000070650400010300000500000007008020009001900000080070095000000304
000009080000040000027100000000000007006002900071850000008900600050620008000000250
301040200682000009000000300027430000890010060000000000000004090210350000000800000
070600400902000071000020000000309008300400007000060200701900500093005000500040000
020000000000053009000120580900000036000080010000200700708006000309000005040000060
002006000000000031070280500500070000000010003008002600050004700300000090407000000
000400000000061070000098400001609002050003900300700005703006080018000700004000009
800900001000000300040087000000052004070006200006000000050070000001004630008000010
050000034200070000800000000600100700000403000000005000000020600040000090010000000
004003000800090060000008001013500000009000507000006010060720059000300100070009200
000308000040000006006000500000001200080040000003007090100004008000510600002000070
000000700200000000000509010009050046000800007005003000870400650020000008600300000
940000070002007600000021000070800005509000860003600000090700100700904008000000006
600900200300000600082076000050090080001000000000720905000030000020004007508000002
009000003070036000010000008860400010000008060000051070090700020040010000000002000
000200090060094700008006000016000005004010009070040030000053040000000800200000003
000030000003010750420800000000009305600040000908000000000200800000003609017000000
000020009004089060000400008000005010020300000056070000070008040002000096000500300
020407605004500070900000004000030500308070040000010008000000006602000710000100000
003009068800050400900002000300000000080010050006000200200003040000500100040000605
003008002070040001004000900018023005700006020006017000000004830300000007500000000
000360004800000002004200001206000070009100800000005010501040000600900300090000000
000310006000070300800900000001800400008004073900000020200000850000000001050006007
000000050000721000070000940030000009200800060000060708090000000300008010005006000
807200000040000102050000090010003900400050608005600000000000020000370000000809004
070060005900210030000000604200030000000006008010709050004050200107300000000001000
050081200000500000009000500000003008010000009008090410400038760807060000030000000
002400080040730000000008001000040002620100000000005108001000004005000600009002300
002000000100090600000001475070000050003509000000600204000040090390007506040000700
000840090000051200000600081500000007760090800003000400070063000830405000020000100
056070000000091057900000000280000300000010000000204090001609020300000500009000040
030000000000300041000500700090048000800060000000000205025090600100006000070000010
007200000900300820000080006080004300001000050020510048000096200000000000010050083
800600000100039500000080027000096700000150009000000050042000930050003800380000670
800005400000000000406000802001000600090003004200800700000007560002900000640530000
400002000009600012008050000000000950000086030800300070000000000030000007012907300
102000608004200000050080000000007835000100000600025710000700069400900102000000500
060004020100000000070500000010003000200056007300470005600000300000002408000860050
900700100020010007000500600000000560000003200100050008240081300015420006009000002
900080700052000800070000090609008000005496002000070000010050000400000000007140003
370600000004000000010080520000005000020010080000400000047050030000000800000007062
076090020000600040000000800508060003400000000203100900700200000005010009000058000
000400600000090020060320080500000040000000013009080000270030809080000000006007000
000000301080000050010000007030002010950030002600709000800090000009600000000053020
350100600040060020000400003002000000900000702500080010090600000000009407610005030
030500000004030020000806000020049006600250100001008090003005800000000070590000004
002500004000000001700040200000800040304000602060000700097400000005096000000075030
000000000009006080008300210305010000020000000970030004040070000000100078010050003
300040060005920001080600000970000045000000200006030090200400000001005000007890000
000085000000009600960000002010300009050027000480000000000000004000010050702000030
000000000082005001039204000000890100000006000670003904000000700001500089050030000
900700060012040000000300290006000058070000000000050430027530000000064000100900005
100000907800400006002300000000000008080500730604980000000109002005000000400050070
005000020803000600970006000309050000020003010007802500000010000001005960000200008
002008000003700400900005001500002009604000800000100000200004000000910600090000007
000700060830000700009000800000040680071000000600002010590400000040073000000006900
000030080000400001005081000010000900300000260007020000000000009002905014700600850
860000024950200000002030000000806070000907062400003000000000900500000018600089040
000080000000900000905300486010000000040068002000100690000090067608003200002000100
000000900804900006000162000900001630070050000010000002000000057340600000001080000
100307050070090002000004001000000007500100300094000500305000860400006000009000000
017003000000000004004060031060000900003097040005000800006705000000008000000000028
000026000000390000002800730007000290000000510008100300080003409300560000705900000
800000400160300002000020001030009200009000007008500060050040010490007800000000700
800000400040006201000002570020070040000000050006000107300069000700301000010500000
050600001002040900970000600000500000000020030006038000009000024300007800000860000
025030000006001090040000000000000908000200050000004020300057200470013060500020003
102600790003000060000000000005000800400000100700025000001040570500018000098000000
100040007000500300000000600200700900070000000008410002050000080060080003700203004
200000080000003600700000000000000106000240000050000000061000300000720040000800000
000007000000600004060300001200508060600900000700206030010750980020000053008000000
000000000037090020020008407600040000080007100003060050278006900000000000090400030
060900000010004005000005390000581000001703040008000000002000810000020007630000000
009000056010020000004060003500100000070006000000030700900000000006201800002004090
005200000100000400800000093000000072000400300027009600009054006000302000300000800
400300900350600000060040000040007100507000000008000002096002400000060008000030700
370600000005000000060020190000005000020010060000400000038060010000000500000007032
120000650005001300864500000000100026008030400000000000500040800002000030080309500
004000080076040001000001000500007000002860005003000270090000008000003640000010900
000000001000806030028010050206908000000070000000250040050000000100080900300002700
970500000002000078000070400400890010060750900000006000300025000608000120000600030
045600090000000000903000205000290000000000700030804002050380000000010806006070010
040098070007000000960001200004020008000800603000009010230400000000000050085003000
000120753005000601000090000040000000001000009000761000104250000080000204300007005
500300600000105007670090000305000120000600000000001009090408200000000340402000000
317000000040600700000020000090000430523100000700000001200800057009050068000006300
000200400200300000073090000000000070600008000320001090090040060000802009800500030
370600000004000000010080520000005000020010080000400000047050090000000800000007062
040000010006010000800000264000000401000060029000092086004500000002901000750080000
030001400000200070040300500001007003200800050080900020350096000000000000700002006
003000800000000000970600300004005000600010000050800126006058409000000000000049013
002009060040001000006030400000020000009700003003000105000000680300507000400100000
000400020730000000920000300007000180406003050000800400200609040009004000800000200
000000300008900060407000200000020006080000100100700080040063002000000000501049000
000000009009048706007600004028030000000100053000000000083906020000004005901000000
500000070000300600000100000000600201408000000000000300000057040010080000020000000

